>ENSDCDT00000012876
0 84 269 353
84 155 1087 1158
155 204 1235 1284
204 337 1419 1552
337 445 4887 4995
445 508 5903 5966
508 588 6666 6746

>ENSIPUT00000031483
0 72 277 349
72 143 4781 4852
143 192 4938 4987
192 325 6145 6278
325 433 18569 18677
433 496 19873 19936
496 576 20324 20404

>ENSIPUT00000031489
0 14 153 167
14 96 267 349
96 167 4781 4852
167 216 4938 4987
216 349 6145 6278
349 457 18569 18677
457 520 19873 19936
520 600 20324 20404

>ENSEEET00000046032
0 72 111 183
72 143 771 842
143 192 933 982
192 325 1610 1743
325 433 7758 7866
433 496 8450 8513
496 576 8945 9025

>ENSAMXT00000042686
0 75 0 75
75 146 1356 1427
146 195 2703 2752
195 328 3256 3389
328 436 16148 16256
436 499 17570 17633
499 579 18088 18168

