>ENST00000346477_ENSG00000105492
0 67 6208 6275
67 427 6337 6697
427 706 6897 7176
706 964 7875 8133
964 1058 9603 9697
1058 1140 10028 10110
1140 1314 17601 17775

>ENST00000359982_ENSG00000105492
0 67 6208 6275
67 427 6337 6697
427 706 6897 7176
706 787 7339 7420
787 1045 7875 8133
1045 1139 9603 9697
1139 1170 17601 17632

>ENST00000436458_ENSG00000105492
0 67 6208 6275
67 319 6445 6697
319 598 6897 7176
598 856 7875 8133
856 950 9603 9697
950 1032 10028 10110
1032 1206 17601 17775

>ENST00000343300_ENSG00000105492
0 67 6208 6275
67 427 6337 6697
427 706 6897 7176
706 754 7372 7420
754 1012 7875 8133
1012 1062 17601 17651

>ENST00000425629_ENSG00000105492
0 67 6208 6275
67 427 6337 6697
427 706 6897 7176
706 754 7372 7420
754 1012 7875 8133
1012 1106 9603 9697
1106 1188 10028 10110
1188 1362 17601 17775

>ENST00000391797_ENSG00000105492
0 67 6208 6275
67 427 6337 6697
427 673 6930 7176
673 721 7372 7420
721 979 7875 8133
979 1029 17601 17651

>ENST00000441969_ENSG00000142512
0 37 6222 6259
37 421 6338 6722
421 532 7027 7138
532 580 7446 7494
580 850 7636 7906
850 898 8188 8236
898 1156 8365 8623
1156 1250 9288 9382
1250 1362 9980 10092
1362 1635 12432 12705

>ENST00000353836_ENSG00000142512
0 37 6222 6259
37 421 6338 6722
421 706 6853 7138
706 754 7446 7494
754 1024 7636 7906
1024 1072 8188 8236
1072 1330 8365 8623
1330 1424 9288 9382
1424 1536 9980 10092
1536 1809 12432 12705

>ENST00000442846_ENSG00000142512
0 37 6222 6259
37 421 6338 6722
421 532 7027 7138
532 580 7446 7494
580 628 8188 8236
628 886 8365 8623
886 980 9288 9382
980 1092 9980 10092
1092 1365 12432 12705

>ENST00000525998_ENSG00000142512
0 37 6222 6259
37 421 6338 6722
421 706 6853 7138
706 754 7446 7494
754 802 8188 8236
802 1060 8365 8623
1060 1154 9288 9382
1154 1266 9980 10092
1266 1539 12432 12705

>ENST00000436984_ENSG00000142512
0 37 6222 6259
37 421 6338 6722
421 562 6997 7138
562 610 7446 7494
610 880 7636 7906
880 928 8188 8236
928 1186 8365 8623
1186 1280 9288 9382
1280 1392 9980 10092
1392 1665 12432 12705

>ENST00000439889_ENSG00000142512
0 37 6222 6259
37 421 6338 6722
421 532 7027 7138
532 580 7446 7494
580 850 7636 7906
850 898 8188 8236
898 1156 8365 8623
1156 1441 8695 8980
1441 1535 9288 9382
1535 1647 9980 10092
1647 1920 12432 12705

>ENST00000339313_ENSG00000142512
0 37 6222 6259
37 421 6338 6722
421 706 6853 7138
706 754 7446 7494
754 1024 7636 7906
1024 1072 8188 8236
1072 1330 8365 8623
1330 1615 8695 8980
1615 1709 9288 9382
1709 1821 9980 10092
1821 2094 12432 12705

>ENST00000392213_ENSG00000105695
0 46 9284 9330
46 415 9488 9857
415 712 13429 13726
712 970 14022 14280
970 1231 16323 16584
1231 1519 23749 24037
1519 1616 24422 24519
1616 1716 25793 25893
1716 1881 27165 27330

>ENST00000361922_ENSG00000105695
0 46 9284 9330
46 415 9488 9857
415 712 13429 13726
712 970 14022 14280
970 1231 16323 16584
1231 1519 23749 24037
1519 1616 24422 24519
1616 1716 25793 25893
1716 1749 26156 26189

>ENST00000597035_ENSG00000105695
0 46 9284 9330
46 176 9488 9618
176 177 13429 13430

>ENST00000537831_ENSG00000105695
0 340 9517 9857
340 637 13429 13726
637 895 14022 14280
895 1156 16323 16584
1156 1444 23749 24037
1444 1541 24422 24519
1541 1641 25793 25893
1641 1806 27165 27330

>ENSPTRT00000021166_ENSPTRG00000011374
0 162 6211 6373
162 337 6374 6549
337 616 6754 7033
616 664 7268 7316
664 758 10721 10815
758 825 11510 11577

>ENSMUST00000121492_ENSMUSG00000051504
0 436 6108 6544
436 484 7154 7202
484 578 9425 9519
578 651 10324 10397

>ENSMUST00000060416_ENSMUSG00000051504
0 436 6108 6544
436 715 6709 6988
715 763 7154 7202
763 857 9425 9519
857 930 10324 10397

>ENSMUST00000094360_ENSMUSG00000051504
0 436 6108 6544
436 715 6709 6988
715 809 9425 9519
809 882 10324 10397

>ENSMUST00000165045_ENSMUSG00000051504
0 436 6108 6544
436 715 6709 6988
715 763 7154 7202
763 857 9425 9519
857 934 10328 10405
934 999 15305 15370

>ENSRNOT00000028544_ENSRNOG00000021023
0 46 8658 8704
46 415 8843 9212
415 712 11332 11629
712 970 11975 12233
970 1231 13375 13636
1231 1519 18492 18780
1519 1616 19287 19384
1616 1716 19687 19787
1716 1881 20718 20883

>ENSRNOT00000044532_ENSRNOG00000021023
0 46 8658 8704
46 415 8843 9212
415 712 11332 11629
712 970 11975 12233
970 1231 13375 13636
1231 1519 18492 18780
1519 1616 19287 19384
1616 1716 19687 19787
1716 1749 20022 20055

>ENSBTAT00000055261_ENSBTAG00000017044
0 46 8544 8590
46 415 8746 9115
415 712 10741 11038
712 970 11171 11429
970 1231 12929 13190
1231 1519 19688 19976
1519 1616 20317 20414
1616 1716 21166 21266
1716 1881 22236 22401

>ENSACAT00000005456_ENSACAG00000005408
0 49 9034 9083
49 418 10979 11348
418 715 12703 13000
715 973 16288 16546
973 1234 17424 17685
1234 1522 18717 19005
1522 1619 21010 21107
1619 1719 21613 21713
1719 1752 22994 23027

