>FBtr0083114
0 93 80 173
93 1164 225 1296
1164 1850 1350 2036
1850 2130 2092 2372

>C06G3.10.1
0 140 33 173
140 306 221 387
306 500 433 627
500 921 672 1093
921 1325 1139 1543
1325 1442 1588 1705
1442 1691 1752 2001
1691 1776 2046 2131
1776 2046 2228 2498

>ENSSART00000008087
0 72 0 72
72 234 6779 6941
234 300 9393 9459
300 381 10692 10773
381 485 12376 12480
485 594 16244 16353
594 774 16857 17037
774 899 18790 18915
899 1026 23203 23330
1026 1166 31626 31766
1166 1228 34667 34729
1228 1380 36470 36622
1380 1578 39342 39540
1578 1651 40792 40865
1651 1794 41303 41446
1794 1934 43210 43350
1934 2118 44907 45091
2118 2220 48388 48490

>ENSEEUT00000009742
0 72 0 72
72 234 4389 4551
234 300 6396 6462
300 381 11882 11963
381 485 12721 12825
485 594 12925 13034
594 774 13134 13314
774 899 13414 13539
899 1026 15835 15962
1026 1166 16788 16928
1166 1228 24722 24784
1228 1380 26281 26433
1380 1578 28329 28527
1578 1651 30036 30109
1651 1794 30779 30922
1794 1932 33672 33810

>ENSECAT00000010848
0 72 643 715
72 234 14839 15001
234 300 16115 16181
300 381 18249 18330
381 485 19954 20058
485 594 23142 23251
594 774 23610 23790
774 899 25445 25570
899 1026 29192 29319
1026 1166 44279 44419
1166 1228 48688 48750
1228 1380 49883 50035
1380 1581 51757 51958
1581 1654 52853 52926
1654 1797 53225 53368
1797 1937 55254 55394
1937 2121 56712 56896
2121 2223 59257 59359

