>ENSEBUT00000025849
86 172 331 444 620 781 962 1057 1153 1323 1380 1518 1610 1842 

>ENSEBUT00000025881
86 172 331 444 620 781 962 1057 1153 1323 1380 1518 1610 1842 
















>ENSPMAT00000006619
95 225 291 403 559 579 721 737 826 1013 1196 1360 1541 1636 1681 1693 1902 1962 2074 2115 2207 2418 
















>ENSAOWT00000008289
86 216 282 376 501 572 689 778 937 997 1113 1283 1447 1631 1726 1822 1992 2052 2193 2285 2493 

>ENSAOWT00000008296
86 216 282 376 501 572 689 778 937 997 1113 1283 1447 1631 1726 1822 1992 2133 2225 2433 

>ENSAOWT00000008312
86 216 282 376 501 572 689 778 937 1053 1223 1387 1571 1666 1762 1932 1992 2133 2225 2433 
















>ENSAHAT00000023864
86 216 282 376 501 572 689 778 937 997 1113 1283 1447 1534 1718 1813 1909 2079 2139 2277 2369 2577 

>ENSAHAT00000023869
86 216 282 376 501 572 689 778 937 1053 1223 1387 1474 1658 1753 1849 2019 2079 2217 2309 2517 

>ENSAHAT00000023878
86 216 282 376 501 572 689 778 937 997 1113 1283 1447 1534 1718 1813 1909 2079 2217 2309 2517 

>ENSAHAT00000023886
86 216 282 376 501 572 689 778 937 997 1113 1283 1447 1631 1726 1822 1992 2052 2190 2282 2490 
















>ENSARWT00000026559
86 216 282 376 501 572 689 778 937 997 1113 1283 1447 1534 1718 1813 1909 2079 2139 2283 2375 2583 

>ENSARWT00000026560
86 216 282 376 501 572 689 778 937 1053 1223 1387 1474 1658 1753 1849 2019 2079 2223 2315 2523 

>ENSARWT00000026561
86 216 282 376 501 572 689 778 937 997 1113 1283 1447 1631 1726 1822 1992 2052 2196 2288 2496 
















>ENSDNVT00000000017
96 162 256 381 452 569 658 817 877 993 1166 1330 1514 1609 1705 1875 1935 2079 2171 2379 

>ENSDNVT00000000018
86 216 282 376 501 572 689 778 937 997 1113 1286 1450 1634 1729 1825 1995 2055 2199 2291 2499 

