>ENSPTRT00000057342
0 49 146 195
49 204 8823 8978
204 324 15185 15305
324 456 16429 16561
456 565 27817 27926
565 685 33099 33219
685 808 33301 33424
808 927 38177 38296
927 1060 40974 41107
1060 1172 43597 43709
1172 1340 48483 48651
1340 1404 48922 48986

>ENST00000369230
0 49 166 215
49 204 8864 9019
204 324 15208 15328
324 456 16535 16667
456 565 27875 27984
565 685 33119 33239
685 808 33321 33444
808 927 38203 38322
927 1060 41338 41471
1060 1172 43921 44033
1172 1340 48805 48973
1340 1404 49243 49307

>ENSGGOT00000030128
0 49 146 195
49 204 8831 8986
204 324 15224 15344
324 456 16462 16594
456 565 27836 27945
565 685 33117 33237
685 808 33319 33442
808 927 38197 38316
927 1060 41321 41454
1060 1172 43903 44015
1172 1340 48788 48956
1340 1404 49225 49289

>ENSPPYT00000003236
0 49 0 49
49 204 8714 8869
204 324 15119 15239
324 456 16427 16559
456 565 29883 29992
565 685 35150 35270
685 808 35352 35475
808 927 40292 40411
927 1060 43412 43545
1060 1172 46034 46146
1172 1340 51811 51979
1340 1404 52249 52313

>ENSNLET00000020908
0 49 146 195
49 204 9469 9624
204 324 15866 15986
324 456 17083 17215
456 565 30202 30311
565 685 35497 35617
685 808 35699 35822
808 927 40593 40712
927 1060 43417 43550
1060 1172 46015 46127
1172 1340 50927 51095
1340 1404 51664 51728

>ENSPTET00000053491
0 49 0 49
49 204 8779 8934
204 324 15122 15242
324 456 16341 16473
456 565 25969 26078
565 685 31233 31353
685 808 31436 31559
808 927 36264 36383
927 1060 39360 39493
1060 1172 41939 42051
1172 1340 46569 46737
1340 1404 47007 47071

