>ENSDNVT00000029416
0 227 2601 2828
227 681 2934 3388
681 857 3688 3864
857 909 5350 5402
909 1059 5713 5863

>ENSDNVT00000029421
0 227 2601 2828
227 681 2934 3388
681 857 3688 3864
857 909 5350 5402
909 1059 5713 5863

>ENSARWT00000001477
0 239 2541 2780
239 696 2882 3339
696 872 3636 3812
872 924 4939 4991
924 1011 5312 5399

>ENSAHAT00000000153
0 239 1800 2039
239 696 2141 2598
696 872 2899 3075
872 924 4204 4256
924 1011 4577 4664

>ENSAOWT00000018101
0 239 2357 2596
239 696 2698 3155
696 872 3456 3632
872 924 4761 4813
924 1011 5133 5220

