>ENSPMAT00000000755
0 110 94 204
110 311 4673 4874
311 375 5283 5347
375 465 6593 6683
465 541 7397 7473
541 656 7646 7761
656 678 8449 8471

>ENSEBUT00000003803
0 11 16136 16147
11 212 25295 25496
212 276 40630 40694
276 366 40896 40986
366 442 41293 41369
442 557 56403 56518
557 579 57752 57774

>ENSEBUT00000003826
0 110 16990 17100
110 311 25295 25496
311 375 40630 40694
375 465 40896 40986
465 541 41293 41369
541 656 56403 56518
656 678 57752 57774

>ENSSFOT00015017878
0 290 43 333
290 491 600 801
491 555 1241 1305
555 645 1727 1817
645 721 2353 2429
721 836 2619 2734
836 858 2811 2833

>ENSSFOT00015021966
0 122 0 122
122 323 1552 1753
323 387 2604 2668
387 477 3934 4024
477 553 5083 5159
553 668 5706 5821
668 690 5925 5947

>ENSSFOT00015021975
0 122 0 122
122 285 1552 1715
285 375 3934 4024
375 451 5083 5159
451 566 5706 5821
566 588 5925 5947

>ENSPKIT00000030168
0 119 795 914
119 320 1273 1474
320 384 1696 1760
384 474 2174 2264
474 550 2681 2757
550 665 3149 3264
665 687 3980 4002

