>ENSEBUT00000025849
0 86 0 86
86 172 12049 12135
172 331 22989 23148
331 444 30774 30887
444 620 34564 34740
620 781 34996 35157
781 962 35247 35428
962 1057 40087 40182
1057 1153 40440 40536
1153 1323 42821 42991
1323 1380 49509 49566
1380 1518 49930 50068
1518 1610 51022 51114
1610 1842 69584 69816

>ENSEBUT00000025881
0 86 0 86
86 172 14757 14843
172 331 22989 23148
331 444 30774 30887
444 620 34564 34740
620 781 34996 35157
781 962 35247 35428
962 1057 40087 40182
1057 1153 40440 40536
1153 1323 42821 42991
1323 1380 49509 49566
1380 1518 49930 50068
1518 1610 51022 51114
1610 1842 69584 69816

>ENSPMAT00000006619
0 95 0 95
95 225 2446 2576
225 291 3005 3071
291 403 3490 3602
403 559 4719 4875
559 579 5770 5790
579 721 6587 6729
721 737 6972 6988
737 826 7353 7442
826 1013 7963 8150
1013 1196 8905 9088
1196 1360 9612 9776
1360 1541 10848 11029
1541 1636 12007 12102
1636 1681 13259 13304
1681 1693 17967 17979
1693 1902 22727 22936
1902 1962 24906 24966
1962 2074 26910 27022
2074 2115 27334 27375
2115 2207 29135 29227
2207 2418 29726 29937

>ENSAOWT00000008289
0 86 0 86
86 216 242 372
216 282 1395 1461
282 376 2168 2262
376 501 2978 3103
501 572 4048 4119
572 689 4759 4876
689 778 5479 5568
778 937 6272 6431
937 997 6841 6901
997 1113 6990 7106
1113 1283 7575 7745
1283 1447 8581 8745
1447 1631 9965 10149
1631 1726 12067 12162
1726 1822 12583 12679
1822 1992 13275 13445
1992 2052 13917 13977
2052 2193 15167 15308
2193 2285 15386 15478
2285 2493 17478 17686

>ENSAOWT00000008296
0 86 0 86
86 216 242 372
216 282 1395 1461
282 376 2168 2262
376 501 2978 3103
501 572 4048 4119
572 689 4759 4876
689 778 5479 5568
778 937 6272 6431
937 997 6841 6901
997 1113 6990 7106
1113 1283 7575 7745
1283 1447 8581 8745
1447 1631 9965 10149
1631 1726 12067 12162
1726 1822 12583 12679
1822 1992 13275 13445
1992 2133 15167 15308
2133 2225 15386 15478
2225 2433 17478 17686

>ENSAOWT00000008312
0 86 0 86
86 216 242 372
216 282 1395 1461
282 376 2168 2262
376 501 2978 3103
501 572 4048 4119
572 689 4759 4876
689 778 5479 5568
778 937 6272 6431
937 1053 6990 7106
1053 1223 7575 7745
1223 1387 8581 8745
1387 1571 9965 10149
1571 1666 12067 12162
1666 1762 12583 12679
1762 1932 13275 13445
1932 1992 13917 13977
1992 2133 15167 15308
2133 2225 15386 15478
2225 2433 17478 17686

>ENSAHAT00000023864
0 86 0 86
86 216 245 375
216 282 1398 1464
282 376 2171 2265
376 501 2979 3104
501 572 4054 4125
572 689 4765 4882
689 778 5485 5574
778 937 6278 6437
937 997 6847 6907
997 1113 6996 7112
1113 1283 7581 7751
1283 1447 8587 8751
1447 1534 9190 9277
1534 1718 9970 10154
1718 1813 12074 12169
1813 1909 12590 12686
1909 2079 13278 13448
2079 2139 13924 13984
2139 2277 15173 15311
2277 2369 15389 15481
2369 2577 17480 17688

>ENSAHAT00000023869
0 86 0 86
86 216 245 375
216 282 1398 1464
282 376 2171 2265
376 501 2979 3104
501 572 4054 4125
572 689 4765 4882
689 778 5485 5574
778 937 6278 6437
937 1053 6996 7112
1053 1223 7581 7751
1223 1387 8587 8751
1387 1474 9190 9277
1474 1658 9970 10154
1658 1753 12074 12169
1753 1849 12590 12686
1849 2019 13278 13448
2019 2079 13924 13984
2079 2217 15173 15311
2217 2309 15389 15481
2309 2517 17480 17688

>ENSAHAT00000023878
0 86 0 86
86 216 245 375
216 282 1398 1464
282 376 2171 2265
376 501 2979 3104
501 572 4054 4125
572 689 4765 4882
689 778 5485 5574
778 937 6278 6437
937 997 6847 6907
997 1113 6996 7112
1113 1283 7581 7751
1283 1447 8587 8751
1447 1534 9190 9277
1534 1718 9970 10154
1718 1813 12074 12169
1813 1909 12590 12686
1909 2079 13278 13448
2079 2217 15173 15311
2217 2309 15389 15481
2309 2517 17480 17688

>ENSAHAT00000023886
0 86 0 86
86 216 245 375
216 282 1398 1464
282 376 2171 2265
376 501 2979 3104
501 572 4054 4125
572 689 4765 4882
689 778 5485 5574
778 937 6278 6437
937 997 6847 6907
997 1113 6996 7112
1113 1283 7581 7751
1283 1447 8587 8751
1447 1631 9970 10154
1631 1726 12074 12169
1726 1822 12590 12686
1822 1992 13278 13448
1992 2052 13924 13984
2052 2190 15173 15311
2190 2282 15389 15481
2282 2490 17480 17688

>ENSARWT00000026559
0 86 0 86
86 216 204 334
216 282 1357 1423
282 376 2130 2224
376 501 2943 3068
501 572 4020 4091
572 689 4730 4847
689 778 5450 5539
778 937 6240 6399
937 997 6814 6874
997 1113 6963 7079
1113 1283 7548 7718
1283 1447 8554 8718
1447 1534 9157 9244
1534 1718 9938 10122
1718 1813 12045 12140
1813 1909 12561 12657
1909 2079 13249 13419
2079 2139 13895 13955
2139 2283 15147 15291
2283 2375 15369 15461
2375 2583 17479 17687

>ENSARWT00000026560
0 86 0 86
86 216 204 334
216 282 1357 1423
282 376 2130 2224
376 501 2943 3068
501 572 4020 4091
572 689 4730 4847
689 778 5450 5539
778 937 6240 6399
937 1053 6963 7079
1053 1223 7548 7718
1223 1387 8554 8718
1387 1474 9157 9244
1474 1658 9938 10122
1658 1753 12045 12140
1753 1849 12561 12657
1849 2019 13249 13419
2019 2079 13895 13955
2079 2223 15147 15291
2223 2315 15369 15461
2315 2523 17479 17687

>ENSARWT00000026561
0 86 0 86
86 216 204 334
216 282 1357 1423
282 376 2130 2224
376 501 2943 3068
501 572 4020 4091
572 689 4730 4847
689 778 5450 5539
778 937 6240 6399
937 997 6814 6874
997 1113 6963 7079
1113 1283 7548 7718
1283 1447 8554 8718
1447 1631 9938 10122
1631 1726 12045 12140
1726 1822 12561 12657
1822 1992 13249 13419
1992 2052 13895 13955
2052 2196 15147 15291
2196 2288 15369 15461
2288 2496 17479 17687

>ENSDNVT00000000017
0 96 346 442
96 162 1395 1461
162 256 2179 2273
256 381 3005 3130
381 452 4099 4170
452 569 4717 4834
569 658 6569 6658
658 817 7383 7542
817 877 7956 8016
877 993 8105 8221
993 1166 8693 8866
1166 1330 9503 9667
1330 1514 10919 11103
1514 1609 12972 13067
1609 1705 13497 13593
1705 1875 14180 14350
1875 1935 14830 14890
1935 2079 16088 16232
2079 2171 16310 16402
2171 2379 18442 18650

>ENSDNVT00000000018
0 86 92 178
86 216 312 442
216 282 1395 1461
282 376 2179 2273
376 501 3005 3130
501 572 4099 4170
572 689 4717 4834
689 778 6569 6658
778 937 7383 7542
937 997 7956 8016
997 1113 8105 8221
1113 1286 8693 8866
1286 1450 9503 9667
1450 1634 10919 11103
1634 1729 12972 13067
1729 1825 13497 13593
1825 1995 14180 14350
1995 2055 14830 14890
2055 2199 16088 16232
2199 2291 16310 16402
2291 2499 18442 18650

