>ENSPMJT00000008910
0 64 633 697
64 129 1823 1888
129 277 2084 2232
277 383 2619 2725
383 423 3044 3084
423 472 4695 4744
472 553 6252 6333
553 730 6661 6838
730 838 7335 7443
838 1009 7945 8116
1009 1258 8371 8620
1258 1381 10020 10143
1381 1492 11028 11139
1492 1663 11319 11490
1663 1915 12418 12670
1915 2032 13179 13296
2032 2143 13509 13620
2143 2311 13877 14045
2311 2533 14373 14595
2533 2580 14764 14811
2580 2673 15410 15503

>ENSCCET00000028128
0 138 0 138
138 209 1553 1624
209 322 2136 2249
322 387 3337 3402
387 535 3598 3746
535 641 4135 4241
641 681 4557 4597
681 730 6209 6258
730 811 7751 7832
811 988 8160 8337
988 1096 8837 8945
1096 1267 9447 9618
1267 1516 9883 10132
1516 1639 11525 11648
1639 1750 12534 12645
1750 1921 12825 12996
1921 2173 13921 14173
2173 2290 14684 14801
2290 2401 15014 15125
2401 2569 15382 15550
2569 2791 15871 16093
2791 2838 16265 16312
2838 2931 16913 17006

>ENSFALT00000002338
0 52 6209 6261
52 229 6583 6760
229 337 7259 7367
337 508 7884 8055
508 768 8282 8542
768 889 9987 10108
889 1005 11004 11120
1005 1174 11295 11464
1174 1429 12900 13155
1429 1558 13651 13780
1558 1669 13981 14092
1669 1837 14338 14506
1837 2059 14862 15084
2059 2106 15240 15287
2106 2199 15894 15987

>ENSZALT00000006684
0 13 225 238
13 121 738 846
121 292 1354 1525
292 538 1795 2041
538 661 3418 3541
661 772 4436 4547
772 943 4724 4895
943 1189 5757 6003
1189 1306 6575 6692
1306 1417 6901 7012
1417 1585 7267 7435
1585 1807 7764 7986
1807 1854 8152 8199
1854 1947 8808 8901

>ENSZALT00000006688
0 13 225 238
13 184 1354 1525
184 430 1795 2041
430 553 3418 3541
553 664 4436 4547
664 835 4724 4895
835 1081 5757 6003
1081 1198 6575 6692
1198 1309 6901 7012
1309 1477 7267 7435
1477 1699 7764 7986
1699 1746 8152 8199
1746 1839 8808 8901

>ENSMVIT00005006322
0 57 2470 2527
57 205 2695 2843
205 311 3229 3335
311 351 4436 4476
351 400 5419 5468
400 484 6972 7056
484 661 7379 7556
661 769 8749 8857
769 940 9369 9540
940 1189 10270 10519
1189 1312 11682 11805
1312 1423 13074 13185
1423 1594 13376 13547
1594 1840 14474 14720
1840 1957 15239 15356
1957 2068 15577 15688
2068 2236 16797 16965
2236 2458 17302 17524
2458 2505 17696 17743
2505 2598 19211 19304

>ENSMVIT00005006330
0 57 2470 2527
57 205 2695 2843
205 311 3229 3335
311 351 4436 4476
351 400 5419 5468
400 484 6972 7056
484 661 7379 7556
661 769 8749 8857
769 940 9369 9540
940 1189 10270 10519
1189 1312 11682 11805
1312 1423 13074 13185
1423 1594 13376 13547
1594 1840 14474 14720
1840 1957 15239 15356
1957 2125 16797 16965
2125 2347 17302 17524
2347 2394 17696 17743
2394 2487 19211 19304

>ENSMVIT00005006353
0 57 2470 2527
57 205 2695 2843
205 311 3229 3335
311 351 4436 4476
351 400 5419 5468
400 484 6972 7056
484 661 7379 7556
661 769 8749 8857
769 940 9369 9540
940 1189 10270 10519
1189 1312 11682 11805
1312 1423 13074 13185
1423 1594 13376 13547
1594 1840 14474 14720
1840 1951 15577 15688
1951 2119 16797 16965
2119 2341 17302 17524
2341 2388 17696 17743
2388 2481 19211 19304

>ENSMVIT00005006388
0 57 2470 2527
57 205 2695 2843
205 311 3229 3335
311 351 4436 4476
351 400 5419 5468
400 484 6972 7056
484 661 7379 7556
661 769 8749 8857
769 940 9369 9540
940 1189 10270 10519
1189 1312 11682 11805
1312 1423 13074 13185
1423 1594 13376 13547
1594 1840 14474 14720
1840 1957 15239 15356
1957 2068 15577 15688
2068 2290 17302 17524
2290 2337 17696 17743
2337 2430 19211 19304

>ENSLCOT00000024712
0 268 0 268
268 451 3315 3498
451 553 5532 5634
553 730 7566 7743
730 838 8936 9044
838 1009 9555 9726
1009 1237 10455 10683
1237 1281 10715 10759
1281 1375 11898 11992
1375 1486 13265 13376
1486 1657 13569 13740
1657 1890 14669 14902
1890 1947 15261 15318
1947 2073 15457 15583
2073 2125 15831 15883
2125 2302 16994 17171
2302 2544 17503 17745
2544 2637 19420 19513

>ENSLCOT00000024713
0 268 0 268
268 451 3315 3498
451 553 5532 5634
553 730 7566 7743
730 838 8936 9044
838 1009 9555 9726
1009 1237 10455 10683
1237 1281 10715 10759
1281 1375 11898 11992
1375 1486 13265 13376
1486 1657 13569 13740
1657 1890 14669 14902
1890 1947 15261 15318
1947 2073 15457 15583
2073 2125 15831 15883
2125 2289 16994 17158
2289 2382 19420 19513

>ENSABRT00000004810
0 61 37 98
61 132 1276 1347
132 277 1529 1674
277 383 2070 2176
383 444 3290 3351
444 549 4920 5025
549 732 5360 5543
732 876 6214 6358
876 1048 7304 7476
1048 1120 8648 8720
1120 1297 9155 9332
1297 1405 10540 10648
1405 1576 12077 12248
1576 1828 12649 12901
1828 1948 13679 13799
1948 2059 14487 14598
2059 2230 14800 14971
2230 2473 15508 15751
2473 2590 16238 16355
2590 2701 16693 16804
2701 2869 17740 17908
2869 3085 18202 18418
3085 3132 18625 18672
3132 3225 20180 20273

