>ENSCINT00000028548
0 103 5 108
103 214 774 885
214 314 1311 1411
314 486 1670 1842
486 557 2139 2210
557 691 2936 3070
691 876 3446 3631
876 936 3995 4055

>ENSCINT00000031063
0 19 41 60
19 139 700 820
139 233 1380 1474
233 414 2062 2243
414 485 3103 3174
485 610 3896 4021
610 714 4455 4559

>ENSCINT00000034173
0 91 8042 8133
91 205 8310 8424
205 311 9328 9434
311 507 10979 11175
507 578 11943 12014
578 703 12214 12339
703 894 12591 12782
894 1105 13068 13279
1105 1246 13346 13487
1246 1385 14238 14377
1385 1596 15060 15271

>ENSCINT00000032978
0 70 176 246
70 187 619 736
187 272 1006 1091
272 480 1545 1753
480 551 1952 2023
551 673 2459 2581
673 864 3877 4068
864 918 4444 4498

>ENSCSAVT00000006488
0 85 470 555
85 170 1079 1164
170 369 1712 1911
369 440 2639 2710
440 559 3417 3536
559 711 4331 4483

